The file /Users/zhaolei/Documents/Data/IGS/kely2820.11d already exists!
The file /Users/zhaolei/Documents/Data/IGS/kerg2820.11d already exists!
The file /Users/zhaolei/Documents/Data/IGS/onsa2820.11d already exists!
The file /Users/zhaolei/Documents/Data/IGS/igs16566.sp3 already exists!
The file /Users/zhaolei/Documents/Data/IGS/igs16570.sp3 already exists!
The file /Users/zhaolei/Documents/Data/IGS/igs16571.sp3 already exists!
The file /Users/zhaolei/Documents/Data/IGS/igs16567.erp already exists!
The file /Users/zhaolei/Documents/Data/IGS/igs16577.erp already exists!
The file /Users/zhaolei/Documents/Data/IGS/igs16587.erp already exists!
The file /Users/zhaolei/Documents/Data/IGS/igs16566.clk_30s already exists!
The file /Users/zhaolei/Documents/Data/IGS/igs16570.clk_30s already exists!
The file /Users/zhaolei/Documents/Data/IGS/igs16571.clk_30s already exists!
The file /Users/zhaolei/Documents/Data/IGS/P1C11110.DCB already exists!
The file /Users/zhaolei/Documents/Data/IGS/igs11P1656.ssc already exists!
The file /Users/zhaolei/Documents/Data/IGS/igs11P1657.ssc already exists!
The file /Users/zhaolei/Documents/Data/IGS/igs11P1658.ssc already exists!
igs11P1656.msc is generated!
igs11P1657.msc is generated!
igs11P1658.msc is generated!
igs11P1656.msc
igs11P1657.msc
igs11P1658.msc
Sun Oct 23 11:34:22 CST 2016
outputGDSMapFileName: gnssDataMap.json
outputRefStaFileName: refStation.json
outputMasterStaFileName: masterStation.json
Starting processing for station: 'KELY'.
GPS  2 -0.183368 40.464 1 0.666737 -0.183368 1 
GPS  5 -0.362059 69.9837 1 0.757991 -0.362059 1 
GPS  7 0.631669 30.9068 1 -1.13382 0.631669 1 
GPS  8 0.0252756 18.0713 1 0.100334 0.0252756 0.384895 
GPS 10 0.358476 37.8749 1 -0.941394 0.358476 1 
GPS 13 -0.148992 20.7458 1 -2.9591 -0.148992 0.501895 
GPS 16 0.157543 17.6381 1 0.754919 0.157543 0.367247 
GPS 26 0.243725 20.4553 1 3.6338 0.243725 0.488535 
GPS 29 -0.241626 39.9278 1 -0.151868 -0.241626 1 
GPS  2 -0.529633 35.8149 1 -0.461317 -0.513144 1 
GPS  5 -0.526942 72.5458 17 0.0310592 -0.526942 1 
GPS  7 -0.168201 33.0449 10 -1.60892 -0.168201 1 
GPS  8 -0.39607 21.8362 1 1.58851 -0.376006 0.553403 
GPS 10 -0.0369923 33.4854 3 -0.583374 -0.0369923 1 
GPS 13 0.612863 16.6763 12 0.718039 0.612863 0.329396 
GPS 16 0.965107 18.9056 1 2.4313 0.926652 0.419929 
GPS 26 -0.320942 25.1578 6 -2.34423 -0.320942 0.722883 
GPS 29 -0.859543 38.358 1 -1.29164 -0.830119 1 
GPS  2 -0.529017 31.1695 1 -0.414547 -0.520887 1 
GPS  5 0.428856 73.7544 36 1.14147 0.428856 1 
GPS  7 0.0446454 34.6852 21 -0.452154 0.0446454 1 
GPS  8 0.397372 25.4772 5 -0.880428 0.397372 0.74012 
GPS 10 -0.0309753 29.1395 12 -0.428893 -0.0309753 0.948435 
GPS 16 0.939209 19.7032 1 2.32755 0.932777 0.454672 
GPS 26 0.0267011 29.9384 7 0.357728 0.0267011 0.996277 
GPS 29 -0.742481 36.2363 1 -1.27863 -0.787369 1 
GPS  2 0.313272 26.5518 6 1.41871 0.313272 0.79926 
GPS  5 -0.336968 73.306 56 0.0668333 -0.336968 1 
GPS  7 0.106797 35.7613 39 1.5932 0.106797 1 
GPS  8 -0.348408 28.9378 20 -0.588507 -0.348408 0.936481 
GPS 10 -0.0293261 24.849 20 -0.0103017 -0.0293261 0.706369 
GPS 16 0.169676 20.0077 4 -0.594419 0.169676 0.468258 
GPS 21 -0.451539 18.7067 9 0.0919546 -0.451539 0.411454 
GPS 26 0.0368019 34.7812 15 0.411651 0.0368019 1 
GPS 29 -0.142951 33.647 11 -0.973663 -0.142951 1 
GPS  2 0.385144 21.9793 10 -0.653462 0.385144 0.560315 
GPS  5 -0.106166 71.3268 74 -0.891126 -0.106166 1 
GPS  7 -0.0857386 36.2247 57 -1.05912 -0.0857386 1 
GPS  8 -0.37398 32.1508 26 -0.0803757 -0.37398 1 
GPS 10 0.757451 20.621 28 -1.05627 0.757451 0.496136 
GPS 16 0.221716 19.8113 8 -0.974706 0.221716 0.459475 
GPS 21 -0.332272 22.4642 16 -0.687701 -0.332272 0.58402 
GPS 26 0.144885 39.663 27 -0.265313 0.144885 1 
GPS 29 0.11199 30.6768 19 3.91985 0.11199 1 
GPS  2 -0.389286 17.4649 15 0.503137 -0.389286 0.360293 
GPS  5 0.444366 68.2482 94 -0.275701 0.444366 1 
GPS  7 0.0876178 36.0523 75 -0.708067 0.0876178 1 
GPS  8 0.435039 35.0377 28 0.150622 0.435039 1 
GPS 10 -0.639339 16.4595 31 -0.262748 -0.639339 0.321119 
GPS 15 -0.551774 16.4021 4 2.13677 -0.551774 0.318945 
GPS 16 0.089538 19.1216 9 0.95289 0.089538 0.429221 
GPS 21 -0.225376 26.1674 22 -0.798046 -0.225376 0.777908 
GPS 26 0.050873 44.5504 40 -0.235584 0.050873 1 
GPS 29 0.259474 27.4081 34 -0.914635 0.259474 0.847597 
GPS  5 0.492575 64.4886 99 0.0801202 0.492575 1 
GPS  7 -0.589035 35.2506 89 -1.70841 -0.589035 1 
GPS  8 0.495848 37.511 39 0.23522 0.495848 1 
GPS 15 0.277597 20.832 14 -1.29151 0.277597 0.505889 
GPS 16 0.0548529 17.9618 12 -1.50412 0.0548529 0.3804 
GPS 21 0.379756 29.7823 34 0.108833 0.379756 0.986868 
GPS 26 0.0529465 49.3939 46 -0.25819 0.0529465 1 
GPS 29 -0.101913 23.9143 44 -0.727032 -0.101913 0.657296 
GPS  5 0.487808 60.3329 110 -0.00650493 0.487808 1 
GPS  7 0.0222148 33.8539 94 0.413107 0.0222148 1 
GPS  8 -0.411756 39.4792 43 0.14543 -0.411756 1 
GPS 15 0.510597 25.3265 24 0.0233691 0.510597 0.731967 
GPS 16 -0.0591089 16.3671 14 0.203123 -0.0591089 0.317623 
GPS 21 -0.571201 33.2651 36 0.124006 -0.571201 1 
GPS 26 0.111311 54.1203 59 -0.313277 0.111311 1 
GPS 29 0.200611 20.2586 46 0.0893338 0.200611 0.479576 
GPS  5 0.716474 55.9545 130 0.0680917 0.716474 1 
GPS  6 0.137246 17.0098 3 -0.0978861 0.137246 0.342307 
GPS  7 0.0845835 31.9189 94 0.435682 0.0741887 1 
GPS  8 -0.372398 40.8556 52 -0.299385 -0.372398 1 
GPS 15 -0.399423 29.878 38 -1.16444 -0.399423 0.992635 
GPS 21 -0.401042 36.5603 39 -0.614777 -0.401042 1 
GPS 26 0.0396615 58.6184 74 0.122722 0.0396615 1 
GPS 29 0.104513 16.494 46 0.203922 0.109089 0.322432 
GPS  5 0.502774 51.4577 132 0.195888 0.502774 1 
GPS  6 0.0884605 18.9599 5 -4.11567 0.0884605 0.422255 
GPS  7 0.103852 29.5159 101 -0.253486 0.103852 0.970873 
GPS  8 -0.351951 41.5702 54 -0.115306 -0.351951 1 
GPS 15 -0.0436628 34.4764 52 1.93042 -0.0436628 1 
GPS 21 -0.406585 39.5992 41 0.446789 -0.406585 1 
GPS 26 0.0665131 62.7169 74 0.13611 0.0652345 1 
GPS  3 -0.033757 15.5944 2 0.110082 -0.033757 0.289068 
GPS  5 0.500122 46.9074 132 0.124003 0.501414 1 
GPS  6 0.110479 20.515 5 -4.12721 0.0997519 0.491267 
GPS  7 0.061108 26.7202 101 -0.301581 0.0696568 0.808681 
GPS  8 0.488828 41.5822 55 0.204586 0.488828 1 
GPS 15 0.132412 39.1074 69 -0.077355 0.132412 1 
GPS 21 0.450476 42.2998 43 -0.414627 0.450476 1 
GPS 26 0.0509135 66.1565 74 0.114354 0.0582487 1 
GPS  3 -1.12138 17.3169 11 -3.17373 -1.12138 0.354399 
GPS  5 0.497925 42.3449 132 0.218836 0.500231 1 
GPS  6 -0.507176 21.6351 5 -4.14861 -0.105986 0.543743 
GPS  7 0.0895903 23.6055 110 -0.759095 0.0895903 0.6414 
GPS  8 0.484154 40.8877 55 0.226927 0.486491 1 
GPS 15 0.126423 43.7507 69 -0.0533272 0.127421 1 
GPS 18 -1.15768 18.7526 9 0.331003 -1.15768 0.413406 
GPS 21 0.428903 44.5686 46 -0.247309 0.428903 1 
GPS 26 0.056917 68.578 74 0.100027 0.057812 1 
GPS  3 -1.38278 18.6109 11 -3.10749 -1.29003 0.407399 
GPS  5 0.525411 37.7978 132 0.305259 0.506606 1 
GPS  6 0.590924 22.2898 6 0.474427 0.590924 0.575446 
GPS  7 0.0532277 20.2395 110 -0.793821 0.0661306 0.478713 
GPS  8 0.511771 39.5209 55 0.174355 0.494917 1 
GPS 15 0.112035 48.3777 69 -0.0873977 0.120428 1 
GPS 18 -1.35981 22.7839 9 0.354934 -1.28809 0.599873 
GPS 21 0.457846 46.3068 47 -1.23031 0.457846 1 
GPS 26 -0.821501 69.5966 83 -0.330676 -0.821501 1 
GPS  3 0.70593 19.4407 12 -2.15769 0.70593 0.443108 
GPS  5 0.491531 33.2843 132 0.203146 0.503561 1 
GPS  6 0.75368 22.4611 6 0.570876 0.726554 0.583866 
GPS  7 0.822556 16.6815 116 3.27915 0.822556 0.329592 
GPS  8 -0.359692 37.5464 61 -0.450683 -0.359692 1 
GPS 15 0.143434 52.9469 69 -0.115527 0.127617 1 
GPS 18 -1.27321 26.8457 9 0.473742 -1.28225 0.81573 
GPS 21 0.498038 47.4217 47 -1.1439 0.478457 1 
GPS 26 -0.800956 69.0123 83 -0.389916 -0.802824 1 
GPS  3 0.562414 19.7836 12 -1.98839 0.618951 0.458245 
GPS  5 0.532544 28.8169 132 0.121005 0.508432 0.929342 
GPS  6 0.2558 22.1461 8 1.1654 0.2558 0.568424 
GPS  8 -0.3508 35.0477 61 -0.555725 -0.353105 1 
GPS 15 0.13474 57.3967 69 -0.0407379 0.129313 1 
GPS 18 -1.34388 30.9261 9 0.411844 -1.29961 1 
GPS 21 0.560287 47.8415 47 -1.16638 0.506196 1 
GPS 26 -0.806468 66.9717 83 -0.268448 -0.804559 1 
GPS  3 0.200417 19.6318 23 1.25466 0.200417 0.451516 
GPS  5 0.590299 24.404 132 0.140349 0.520211 0.682833 
GPS  6 0.248967 21.3572 11 0.559229 0.248967 0.53051 
GPS  8 -0.395138 32.1152 61 -0.402557 -0.370991 1 
GPS 15 0.116421 61.6321 70 0.0303126 0.116421 1 
GPS 18 -1.38286 35.0081 9 0.417653 -1.31791 1 
GPS 21 0.430426 47.5305 47 -1.16011 0.487014 1 
GPS 26 -0.809401 63.8521 83 -0.371528 -0.806121 1 
GPS  3 -0.233217 18.9939 27 -0.235578 -0.233217 0.423715 
GPS  5 0.502779 20.0512 134 0.292062 0.502779 0.470213 
GPS  6 -0.0644993 20.1205 18 -0.634378 -0.0644993 0.473333 
GPS  8 -0.370604 28.8363 61 -0.515292 -0.370876 0.930485 
GPS 15 0.125178 65.5042 70 0.0395581 0.123427 1 
GPS 18 -1.34157 39.0674 9 0.362374 -1.32217 1 
GPS 19 0.39688 15.4411 5 3.8079 0.39688 0.283553 
GPS 21 0.576176 46.4973 47 -1.07294 0.505026 1 
GPS 26 -0.81817 60.0348 83 -0.288876 -0.80906 1 
GPS 28 -0.430915 18.0099 1 -0.884431 -0.430915 0.382373 
GPS  3 0.555641 17.8935 35 -0.461442 0.555641 0.377608 
GPS  5 -0.26501 15.762 136 0.437437 -0.26501 0.295156 
GPS  6 -0.0160784 18.4735 18 -0.706006 -0.0223942 0.401618 
GPS  8 -0.321536 25.2899 68 -0.635869 -0.321536 0.729995 
GPS 15 0.114238 68.7794 70 0.0871515 0.119343 1 
GPS 18 -1.35489 43.0697 9 0.34486 -1.32717 1 
GPS 19 0.0565221 17.4097 16 0.159718 0.0565221 0.358087 
GPS 21 0.515848 44.7922 47 -1.1797 0.506845 1 
GPS 26 -0.791323 55.8019 83 -0.28366 -0.805582 1 
GPS 28 -0.405178 20.8964 1 -0.795955 -0.418046 0.508879 
GPS  3 0.537025 16.3671 41 -0.406118 0.537025 0.317625 
GPS  6 0.0340942 16.4612 19 3.12205 0.0340942 0.321186 
GPS  8 -0.285592 21.5441 68 -0.624498 -0.296747 0.539393 
GPS  9 0.464115 15.3116 1 -0.140421 0.464115 0.278927 
GPS 15 0.0708712 71.1189 70 0.0473039 0.104429 1 
GPS 18 -0.510089 46.9666 12 -0.74455 -0.510089 1 
GPS 19 0.392611 18.9724 18 0.975505 0.392611 0.422794 
GPS 21 -0.333187 42.496 49 -0.0801308 -0.333187 1 
GPS 26 -0.798663 51.3387 83 -0.324155 -0.804448 1 
GPS 28 -0.40367 23.5049 1 -0.815887 -0.413254 0.636253 
GPS  8 -0.333439 17.6553 68 -0.553158 -0.311723 0.367938 
GPS  9 0.545085 19.818 1 0.0610618 0.537724 0.459773 
GPS 15 0.0320163 72.1393 76 0.0580998 0.0320163 1 
GPS 18 0.384594 50.6906 13 0.421173 0.384594 1 
GPS 19 0.402417 20.0885 20 -0.914075 0.402417 0.471889 
GPS 21 0.514777 39.7044 50 0.315755 0.514777 1 
GPS 22 0.797756 15.542 3 -0.39068 0.797756 0.287179 
GPS 26 0.0809755 46.7633 88 0.0925393 0.0809755 1 
GPS 28 -0.403184 25.7773 1 -0.728191 -0.410737 0.756462 
GPS  9 0.589523 24.4057 1 0.0316289 0.56239 0.68292 
GPS 15 -0.105862 71.6227 88 0.339917 -0.105862 1 
GPS 18 0.375076 54.1483 13 0.478341 0.379713 1 
GPS 19 0.0233918 20.7271 21 -0.0164103 0.0233918 0.501031 
GPS 21 0.547867 36.515 50 0.287576 0.534831 1 
GPS 22 -0.597469 19.5502 13 0.800243 -0.597469 0.447914 
GPS 26 0.0888366 42.151 88 0.102569 0.0863969 1 
GPS 28 -0.376903 27.6546 2 -0.0289866 -0.376903 0.861708 
GPS  9 0.603733 29.0632 5 0.0195254 0.603733 0.943905 
GPS 15 0.0732269 69.7017 89 0.11925 0.0732269 1 
GPS 18 0.39092 57.2137 13 0.485079 0.383512 1 
GPS 19 -0.136006 20.8711 23 0.359812 -0.136006 0.507704 
GPS 21 0.566747 33.0181 50 0.336734 0.546875 1 
GPS 22 -0.69069 23.5678 13 0.873438 -0.686251 0.639469 
GPS 26 0.0558326 37.5503 88 0.0672599 0.0739217 1 
GPS 28 -0.383736 29.0815 2 -0.0399183 -0.381965 0.944991 
GPS  9 -0.292335 33.7738 6 -0.222897 -0.292335 1 
GPS 15 0.0974197 66.7461 89 0.180945 0.0853233 1 
GPS 18 0.394787 59.7253 14 -0.0497756 0.394787 1 
GPS 19 0.175567 20.5187 25 1.67716 0.175567 0.491437 
GPS 21 0.548528 29.2931 50 0.357263 0.547328 0.957567 
GPS 22 -0.6993 27.5757 13 0.842341 -0.692616 0.85718 
GPS 26 0.13692 32.9926 88 0.0622818 0.0921822 1 
GPS 28 -0.376778 30.0108 2 -0.0923719 -0.379757 1 
GPS  9 -0.281439 38.5137 6 -0.20222 -0.286747 1 
GPS 15 0.138318 63.1241 89 0.11812 0.102988 1 
GPS 18 0.391618 61.4971 14 -0.0301494 0.39235 1 
GPS 19 0.250369 19.684 25 1.639 0.227155 0.453822 
GPS 21 0.637131 25.4067 50 0.316045 0.56664 0.736303 
GPS 22 0.123825 31.5474 15 -1.20741 0.123825 1 
GPS 26 0.138506 28.4978 88 0.0662662 0.102592 0.910595 
GPS 28 -0.371961 30.4093 2 -0.0109304 -0.37743 1 
GPS  9 -0.240554 43.2482 6 -0.270339 -0.271088 1 
GPS 15 0.132324 59.1006 89 0.148639 0.110322 1 
GPS 18 0.402113 62.3525 14 0.0308348 0.396594 1 
GPS 19 0.239048 18.3952 25 1.62179 0.232009 0.398337 
GPS 21 0.577246 21.4144 50 0.388579 0.568518 0.533222 
GPS 22 0.163241 35.4475 15 -1.09189 0.151979 1 
GPS 26 0.153616 24.0784 88 0.0551558 0.111954 0.66581 
GPS 28 -0.384456 30.2615 2 -0.105187 -0.379045 1 
GPS  9 -0.251682 47.9272 6 -0.289532 -0.266175 1 
GPS 15 0.14269 54.8449 89 0.113716 0.116796 1 
GPS 18 0.377166 62.1822 14 0.0890548 0.390707 1 
GPS 19 0.232778 16.6918 25 1.68432 0.232232 0.329991 
GPS 21 0.601724 17.3614 50 0.456632 0.573511 0.356166 
GPS 22 0.131002 39.2283 15 -0.984773 0.143239 1 
GPS 26 0.13287 19.7413 88 -0.00418582 0.115197 0.456365 
GPS 28 -0.397544 29.572 2 -0.144315 -0.382503 0.974233 
GPS  9 -0.253305 52.4772 6 -0.331172 -0.263575 1 
GPS 15 0.126026 50.4629 89 0.156298 0.118334 1 
GPS 18 0.36299 60.9899 14 0.118225 0.384261 1 
GPS 22 0.11446 42.8272 15 -0.967423 0.134774 1 
GPS 26 0.0849972 15.49 88 -0.0271945 0.111143 0.285307 
GPS 28 -0.425796 28.3646 2 -0.0998802 -0.389321 0.902805 
GPS  9 -0.261747 56.7892 6 -0.278854 -0.263268 1 
GPS 15 0.171093 46.0215 89 0.140205 0.125871 1 
GPS 18 0.372371 58.8887 14 0.098136 0.382018 1 
GPS 22 0.0907543 46.1633 15 -0.984711 0.12477 1 
GPS 28 -0.353113 26.679 2 -0.111171 -0.384394 0.806375 
GPS  9 -0.293345 60.7013 8 0.0186608 -0.293345 1 
GPS 14 0.23574 17.0228 3 -2.96916 0.23574 0.342814 
GPS 15 -0.730043 41.5641 91 -0.650223 -0.730043 1 
GPS 18 -0.454315 56.0522 16 -0.356626 -0.454315 1 
GPS 22 0.1303 49.1349 19 0.80849 0.1303 1 
GPS 28 0.509375 24.5659 4 0.204314 0.509375 0.691359 
GPS  9 -0.293962 63.9793 8 -0.085978 -0.293756 1 
GPS 14 0.230333 21.2251 3 -2.93487 0.231878 0.524271 
GPS 15 -0.739553 37.1191 91 -0.646226 -0.736383 1 
GPS 18 -0.464354 52.6604 16 -0.300099 -0.461007 1 
GPS 22 0.092567 51.6205 25 0.134282 0.092567 1 
GPS 28 0.551932 22.0816 4 0.161684 0.537746 0.565281 
GPS  9 -0.281984 66.3154 8 -0.10337 -0.289047 1 
GPS 11 0.401231 15.7888 1 -0.722634 0.401231 0.296135 
GPS 14 0.182919 25.4857 3 -2.93412 0.211478 0.740584 
GPS 15 -0.72903 32.7057 91 -0.685003 -0.733442 1 
GPS 18 -0.47818 48.8687 16 -0.31365 -0.467877 1 
GPS 22 0.0931433 53.4872 25 0.0592334 0.0930281 1 
GPS 28 0.566473 19.2831 4 0.207123 0.549237 0.436224 
GPS  9 -0.292419 67.3888 8 -0.118336 -0.290011 1 
GPS 11 0.317325 17.0927 1 -0.800519 0.345293 0.345552 
GPS 14 0.226425 29.8012 3 -2.93511 0.215875 0.988003 
GPS 15 -0.74825 28.3364 91 -0.718749 -0.737673 0.901164 
GPS 18 -0.403588 44.7998 19 -0.260055 -0.403588 1 
GPS 22 0.122628 54.6087 25 0.0568649 0.106183 1 
GPS 28 0.536335 16.2253 4 0.190768 0.545551 0.312291 
GPS  9 -0.289814 67.0157 8 -0.0819722 -0.289967 1 
GPS 11 -0.273099 17.9701 2 1.62157 -0.273099 0.380741 
GPS 12 -0.036733 17.1019 5 2.69394 -0.036733 0.345914 
GPS 14 0.19429 34.1653 3 -2.99734 0.210969 1 
GPS 15 0.1684 24.0197 92 -0.326296 0.1684 0.662763 
GPS 18 -0.465675 40.5467 19 -0.28598 -0.441216 1 
GPS 22 -0.788375 54.893 32 -0.0238199 -0.788375 1 
GPS  9 -0.286309 65.2744 8 -0.17996 -0.289302 1 
GPS 11 -0.559307 18.3994 2 1.65566 -0.457749 0.398512 
GPS 12 -0.450236 21.4279 11 -0.382771 -0.450236 0.533862 
GPS 14 0.181123 38.5681 3 -3.01501 0.205442 1 
GPS 15 0.183952 19.7608 92 -0.200057 0.180842 0.457228 
GPS 17 -0.52699 16.5024 3 0.595011 -0.52699 0.322751 
GPS 18 -0.410319 36.1787 19 -0.257028 -0.429557 1 
GPS 22 0.0645464 54.309 34 0.0908713 0.0645464 1 
GPS  9 -0.284389 62.4507 8 -0.168523 -0.288546 1 
GPS 11 -0.277025 18.3715 2 1.57822 -0.386877 0.397345 
GPS 12 -0.433223 25.7534 11 -0.402335 -0.440514 0.755158 
GPS 14 0.167668 42.9943 3 -2.97797 0.19954 1 
GPS 15 0.183321 15.5625 93 -0.00265209 0.183321 0.287917 
GPS 17 -0.498916 18.4983 10 1.36644 -0.498916 0.402656 
GPS 18 0.491746 31.7478 30 0.264979 0.491746 1 
GPS 22 0.0393728 52.8962 41 0.408531 0.0393728 1 
GPS  9 -0.286919 58.875 8 -0.18428 -0.288329 1 
GPS 11 -0.367121 17.891 2 1.61874 -0.381312 0.377505 
GPS 12 -0.436345 30.0434 11 -0.417268 -0.438998 1 
GPS 14 0.152849 47.4206 3 -2.99974 0.19323 1 
GPS 17 -0.516202 20.1104 10 1.267 -0.515379 0.472875 
GPS 18 0.470049 27.2928 31 -0.0764044 0.470049 0.841027 
GPS 22 0.148954 50.7514 41 0.490068 0.143736 1 
GPS  9 -0.297437 54.8183 8 -0.125704 -0.289401 1 
GPS 11 -0.351255 16.976 2 1.57435 -0.374706 0.340989 
GPS 12 -0.45644 34.2518 11 -0.403208 -0.443649 1 
GPS 14 0.187882 51.8117 5 0.129967 0.187882 1 
GPS 17 -0.54057 21.2935 10 1.28116 -0.527667 0.527501 
GPS 18 0.445025 22.8432 31 -0.0878458 0.454883 0.602832 
GPS 22 -0.717809 48.0013 42 -0.125078 -0.717809 1 
GPS  9 0.553202 50.4727 9 0.232064 0.553202 1 
GPS 11 -0.464573 15.6559 3 0.850604 -0.464573 0.291298 
GPS 12 -0.469095 38.3191 20 -0.810171 -0.469095 1 
GPS 14 0.198896 56.1138 14 -0.426868 0.198896 1 
GPS 17 -0.579058 22.0112 10 1.21729 -0.544517 0.561863 
GPS 18 -0.365802 18.4218 43 0.139972 -0.365802 0.399448 
GPS 22 0.114135 44.777 44 0.14112 0.114135 1 
GPS 25 -0.105213 17.169 2 -0.00992249 -0.105213 0.348549 
GPS  9 -0.295073 45.9675 10 -0.47395 -0.295073 1 
GPS 12 -0.474823 42.1684 20 -0.660294 -0.474076 1 
GPS 14 0.151715 60.2429 14 -0.445181 0.161151 1 
GPS 17 -0.639158 22.2389 16 0.117333 -0.639158 0.572956 
GPS 22 -0.714169 41.1969 46 -0.809991 -0.714169 1 
GPS 25 -0.126036 21.5839 3 -1.74692 -0.126036 0.541291 
GPS  9 -0.29678 41.3884 10 -0.407833 -0.296337 1 
GPS 12 -0.489356 45.7024 22 -0.671284 -0.489356 1 
GPS 14 0.136139 64.0667 14 -0.462484 0.150034 1 
GPS 17 -0.645796 21.9673 24 0.0607729 -0.645796 0.559734 
GPS 22 -0.715987 37.3609 46 -0.832116 -0.71575 1 
GPS 25 0.0218502 26.0361 4 0.0768823 0.0218502 0.770662 
GPS 32 0.170933 18.6254 3 0.434891 0.170933 0.408012 
GPS  9 -0.300198 36.7927 10 -0.544461 -0.29798 1 
GPS 12 -0.500365 48.8014 22 -0.657533 -0.497219 1 
GPS 14 0.127242 67.3772 15 0.0881344 0.127242 1 
GPS 17 -0.574909 21.2029 26 -0.739483 -0.574909 0.523225 
GPS 22 0.235101 33.3492 50 -0.603966 0.235101 1 
GPS 25 -0.0350435 30.5024 4 0.0814176 -0.0137083 1 
GPS 32 0.209783 22.2203 3 0.392006 0.206251 0.572046 
GPS  9 -0.248978 32.2186 11 -0.813309 -0.248978 1 
GPS 12 -0.50565 51.3273 22 -0.692427 -0.500732 1 
GPS 14 0.10939 69.8681 15 0.098651 0.117592 1 
GPS 17 -0.534484 19.9675 26 -0.803821 -0.551809 0.466454 
GPS 22 -0.141247 29.2251 60 -0.989689 -0.141247 0.953522 
GPS 25 -0.0433269 34.952 7 -0.895629 -0.0433269 1 
GPS 32 0.219125 25.6429 3 0.362132 0.212382 0.749129 
GPS  9 -0.297469 27.6915 11 -0.821819 -0.286279 0.863823 
GPS 12 0.299305 53.1362 23 -0.318655 0.299305 1 
GPS 14 0.104836 71.1664 15 0.0671597 0.113116 1 
GPS 17 -0.489153 18.2955 26 -0.760154 -0.529025 0.394177 
GPS 22 0.0861426 25.038 76 -3.30433 0.0861426 0.716459 
GPS 25 -0.0432119 39.3432 9 -0.807875 -0.0432119 1 
GPS 31 -0.561566 17.9826 14 -0.066926 -0.561566 0.38125 
GPS 32 0.174935 28.8382 3 0.409832 0.200302 0.930601 
GPS  9 -0.149366 23.2281 12 -0.846624 -0.149366 0.622183 
GPS 12 0.344281 54.1041 23 -0.234876 0.335286 1 
GPS 14 0.0854585 70.9942 15 0.044277 0.105933 1 
GPS 17 -0.571654 16.2301 26 -0.726417 -0.540393 0.312471 
GPS 22 0.812724 20.8263 96 -0.523222 0.812724 0.505624 
GPS 25 -0.0475714 43.6199 9 -0.798631 -0.0460244 1 
GPS 31 -0.310985 22.3519 34 0.942959 -0.310985 0.578497 
GPS 32 0.185433 31.7423 3 0.386716 0.196676 1 
GPS  9 -0.0110927 18.8389 13 -0.363079 -0.0110927 0.417078 
GPS 12 0.327033 54.1588 23 -0.289842 0.331618 1 
GPS 14 0.0961867 69.3721 15 0.0883443 0.103923 1 
GPS 20 0.0419317 17.0587 1 2.57513 0.0419317 0.344218 
GPS 22 -0.626519 16.62 99 -5.02187 -0.626519 0.327236 
GPS 25 -0.0236739 47.706 9 -0.797444 -0.0372595 1 
GPS 30 -0.81319 16.0795 4 -2.79715 -0.81319 0.30685 
GPS 31 0.225868 26.7795 37 1.46994 0.225868 0.812008 
GPS 32 0.153065 34.2839 3 0.391567 0.188124 1 
GPS 12 -0.232959 53.3037 31 0.388576 -0.232959 1 
GPS 14 -0.783162 66.5974 24 -0.174462 -0.783162 1 
GPS 20 -0.0429645 20.1197 1 2.59226 -0.00952055 0.473295 
GPS 25 -0.131269 51.4994 26 -0.800853 -0.131269 1 
GPS 30 -0.262952 20.524 11 1.93719 -0.262952 0.49168 
GPS 31 0.237583 31.2612 37 1.44566 0.232034 1 
GPS 32 0.162972 36.3878 3 0.415408 0.184001 1 
GPS 12 0.334689 51.6174 33 -0.0858445 0.334689 1 
GPS 14 0.107902 63.0318 26 -0.0235987 0.107902 1 
GPS 20 -0.0972823 22.9139 1 2.56309 -0.0426382 0.606364 
GPS 25 -0.0272648 54.8653 30 -0.498972 -0.0272648 1 
GPS 30 -0.218862 25.0429 28 0.0485595 -0.218862 0.716719 
GPS 31 0.209207 35.7914 37 1.41775 0.224163 1 
GPS 32 0.400577 37.9807 3 0.419786 0.214505 1 
GPS 12 -0.474747 49.2283 34 -0.331779 -0.474747 1 
GPS 14 0.192655 58.9626 33 -0.442488 0.192655 1 
GPS 20 -0.512179 25.3808 2 0.704536 -0.512179 0.734904 
GPS 25 -0.0180791 57.6352 41 -0.775983 -0.0180791 1 
GPS 30 0.617593 29.626 32 0.469907 0.617593 0.977471 
GPS 31 -0.667225 40.3611 38 -1.6682 -0.667225 1 
GPS 32 -0.565599 38.9993 4 0.383644 -0.565599 1 
GPS 12 0.370127 46.2824 43 -0.33306 0.370127 1 
GPS 14 0.0300785 54.5841 47 0.0651619 0.0300785 1 
GPS 20 0.931844 27.4576 4 1.02088 0.931844 0.850423 
GPS 25 -0.0409492 59.6187 53 -0.397148 -0.0409492 1 
GPS 30 -0.256948 34.2588 38 -0.0476578 -0.256948 1 
GPS 31 0.221667 44.9571 40 0.123079 0.221667 1 
GPS 32 -0.637833 39.3997 6 0.437164 -0.637833 1 
GPS 12 -0.470681 42.9177 45 -0.347965 -0.470681 1 
GPS 14 0.164796 50.022 50 -0.100826 0.164796 1 
GPS 20 0.765966 29.0831 4 1.0927 0.839689 0.945085 
GPS 25 -0.0195585 60.6405 56 -0.667813 -0.0195585 1 
GPS 30 -0.153452 38.9209 40 0.0941616 -0.153452 1 
GPS 31 0.261851 49.5603 40 0.164551 0.243992 1 
GPS 32 -0.645021 39.1646 6 0.489495 -0.641827 1 
GPS  4 0.735965 15.2458 4 1.45701 0.735965 0.276594 
GPS 12 -0.392623 39.2518 51 -0.63762 -0.392623 1 
GPS 14 0.285193 45.3583 68 -0.716903 0.285193 1 
GPS 20 0.453715 30.2037 8 3.53741 0.453715 1 
GPS 25 -0.130236 60.5975 69 -0.0607239 -0.130236 1 
GPS 30 0.577532 43.5829 53 0.118637 0.577532 1 
GPS 31 0.18989 54.1417 45 -0.0313622 0.18989 1 
GPS 32 0.244091 38.3066 10 -2.26906 0.244091 1 
GPS  4 -0.229997 16.4801 8 -0.437054 -0.229997 0.321901 
GPS 12 -0.420919 35.3793 59 -0.220781 -0.420919 1 
GPS 14 0.295631 40.6478 88 0.108536 0.295631 1 
GPS 20 0.0121971 30.7795 12 -1.02654 0.0121971 1 
GPS 25 0.00151889 59.504 86 -0.150262 0.00151889 1 
GPS 29 0.0574492 15.8427 51 2.08354 0.0574492 0.29811 
GPS 30 -0.0862018 48.2026 67 0.203883 -0.0862018 1 
GPS 31 0.214762 58.6567 55 0.488643 0.214762 1 
GPS 32 -0.228354 36.8664 14 -0.475979 -0.228354 1 
GPS  4 0.250729 17.2694 9 0.431205 0.250729 0.352514 
GPS 12 -0.530508 31.3729 64 -0.854544 -0.530508 1 
GPS 14 0.0929531 35.9285 100 -0.964166 0.0929531 1 
GPS 20 -0.198281 30.7898 13 0.996595 -0.198281 1 
GPS 25 -0.026211 57.4863 91 -0.231711 -0.026211 1 
GPS 29 0.172137 19.8453 51 1.5042 0.166676 0.46099 
GPS 30 -0.220242 52.7184 81 -0.124061 -0.220242 1 
GPS 31 0.315756 63.0338 66 -0.652701 0.315756 1 
GPS 32 -0.682116 34.9052 14 -0.879495 -0.660508 1 
GPS  4 0.288492 17.5916 9 0.440186 0.285059 0.365373 
GPS 12 0.420593 27.2878 65 -0.049957 0.420593 0.840744 
GPS 14 0.249803 31.2269 106 -0.0248022 0.249803 1 
GPS 20 -0.0750417 30.2361 14 1.60704 -0.0750417 1 
GPS 25 -0.106568 54.7306 103 -0.333248 -0.106568 1 
GPS 29 0.195971 23.7948 51 1.57439 0.180966 0.651128 
GPS 30 0.652671 57.0388 99 0.394472 0.652671 1 
GPS 31 0.237574 67.1532 77 -0.0712301 0.237574 1 
GPS 32 0.135669 32.4966 15 0.975138 0.135669 1 
GPS  4 1.16968 17.4382 10 0.0417147 1.16968 0.359224 
GPS 12 -0.344529 23.165 71 -0.854011 -0.344529 0.618993 
GPS 14 0.265524 26.5624 110 -0.203242 0.265524 0.799852 
GPS 20 0.604397 29.1425 17 3.03512 0.604397 0.948611 
GPS 25 -0.0822193 51.4275 113 -0.706663 -0.0822193 1 
GPS 29 0.225468 27.647 53 -0.567839 0.225468 0.861269 
GPS 30 -0.203946 61.0268 110 -0.37046 -0.203946 1 
GPS 31 0.246627 70.8066 86 0.132693 0.246627 1 
GPS 32 -0.674884 29.7173 17 -1.34611 -0.674884 0.98296 
GPS  2 0.301615 15.6036 16 -0.513511 0.301615 0.289402 
GPS  4 -0.490068 16.815 15 -1.21266 -0.490068 0.334739 
GPS 12 -0.3339 19.0347 80 -0.548688 -0.3339 0.42547 
GPS 14 0.254348 21.949 118 -1.95137 0.254348 0.558849 
GPS 20 -0.0822442 27.5517 22 1.73864 -0.0822442 0.855803 
GPS 23 0.0745188 18.8099 6 -0.931724 0.0745188 0.415844 
GPS 25 -0.120815 47.7402 125 -0.425009 -0.120815 1 
GPS 29 0.197587 31.3469 61 -0.287062 0.197587 1 
GPS 30 -0.215775 64.479 126 0.0464629 -0.215775 1 
GPS 31 0.256057 73.6399 99 0.0123087 0.256057 1 
GPS 32 -0.415257 26.6413 31 -2.82494 -0.415257 0.804264 
GPS  2 0.484511 17.3391 27 -0.235162 0.484511 0.35528 
GPS  4 -0.490328 15.742 15 -1.24432 -0.490254 0.294429 
GPS 14 0.243797 17.397 118 -1.89385 0.245907 0.357582 
GPS 20 -0.0844546 25.5197 22 1.789 -0.0838231 0.742429 
GPS 23 0.14634 22.685 6 -0.954863 0.12582 0.59495 
GPS 25 -0.0788868 43.7958 135 -0.729136 -0.0788868 1 
GPS 29 0.147293 34.8273 64 0.051059 0.147293 1 
GPS 30 -0.271076 67.1115 146 0.132605 -0.271076 1 
GPS 31 0.364884 75.1459 108 0.029656 0.364884 1 
GPS 32 0.252621 23.3358 33 0.103942 0.252621 0.627643 
GPS  2 -0.445849 18.6881 28 -0.12868 -0.445849 0.410667 
GPS 20 0.727184 23.11 23 0.113019 0.727184 0.616215 
GPS 23 0.0509263 26.4803 6 -0.972926 0.0946142 0.795271 
GPS 25 -0.0904612 39.6888 137 -0.648974 -0.0904612 1 
GPS 29 -0.711166 38.0077 66 -0.50088 -0.711166 1 
GPS 30 0.692321 68.5929 166 0.533519 0.692321 1 
GPS 31 0.292163 74.9067 125 0.0958188 0.292163 1 
GPS 32 0.0998861 19.8596 36 0.781395 0.0998861 0.46163 
GPS  2 0.412505 19.6118 30 0.488396 0.412505 0.45063 
GPS 20 0.798332 20.3872 23 0.148283 0.786474 0.485427 
GPS 23 0.0432854 30.1501 6 -1.00206 0.0795175 1 
GPS 25 -0.0774273 35.4879 139 -0.504592 -0.0774273 1 
GPS 29 0.138826 40.7955 67 0.127404 0.138826 1 
GPS 30 -0.183925 68.6728 185 -0.378737 -0.183925 1 
GPS 31 0.241378 72.9953 138 -0.266099 0.241378 1 
GPS 32 0.18816 16.2629 41 -0.124401 0.18816 0.313703 
GPS  2 -0.587483 20.0805 34 -0.358728 -0.587483 0.471528 
GPS 20 -0.812087 17.4138 33 -2.52176 -0.812087 0.358251 
GPS 23 -0.000800012 33.6367 8 1.15622 -0.000800012 1 
GPS 25 -0.116279 31.2425 144 -0.583524 -0.116279 1 
GPS 29 0.146581 43.0894 77 0.159894 0.146581 1 
GPS 30 -0.263691 67.3445 203 -0.0966618 -0.263691 1 
GPS 31 0.176366 69.8933 153 -0.0938427 0.176366 1 
GPS  2 -0.484568 20.0768 34 -0.365271 -0.501721 0.471364 
GPS 13 -0.786536 16.4994 13 1.67092 -0.786536 0.322635 
GPS 16 -0.275786 15.9929 19 1.03246 -0.275786 0.30364 
GPS 23 0.0734123 36.8684 9 1.67364 0.0734123 1 
GPS 25 -0.180296 26.9878 150 -0.135259 -0.180296 0.823742 
GPS 29 0.0561093 44.7887 84 0.146966 0.0561093 1 
GPS 30 -0.326678 64.8522 219 -0.229105 -0.326678 1 
GPS 31 0.254996 66.0764 172 0.488793 0.254996 1 
GPS  2 -0.584763 19.5974 41 -1.10021 -0.584763 0.449998 
GPS 13 0.526846 20.4505 17 0.121186 0.526846 0.488314 
GPS 16 -0.281381 20.4378 34 1.6757 -0.281381 0.487736 
GPS 23 0.0598304 39.7593 13 -1.2999 0.0598304 1 
GPS 25 0.0211958 22.7489 162 -1.52686 0.0211958 0.598125 
GPS 29 0.102315 45.8068 95 -0.401615 0.102315 1 
GPS 30 0.428135 61.5311 231 -0.064315 0.428135 1 
GPS 31 0.0643337 61.8556 187 -0.0322497 0.0643337 1 
GPS  2 0.326001 18.6533 42 0.331749 0.326001 0.409193 
GPS 10 -0.217697 15.9412 38 0.472494 -0.217697 0.301731 
GPS 13 0.813698 24.3115 17 0.190479 0.776282 0.67798 
GPS 16 0.217626 24.9504 39 -0.389905 0.217626 0.711776 
GPS 23 0.842514 42.2111 15 1.9075 0.842514 1 
GPS 25 -0.350272 18.543 165 -1.23498 -0.350272 0.404537 
GPS 29 0.0583576 46.087 101 0.0160421 0.0583576 1 
GPS 30 -0.282455 57.6724 242 -0.621644 -0.282455 1 
GPS 31 0.151885 57.4111 194 0.170022 0.151885 1 
GPS  2 0.333295 17.2685 42 0.383787 0.329742 0.352478 
GPS 10 0.212922 17.7512 38 0.467234 0.0792817 0.371819 
GPS 13 0.744043 28.0338 17 0.298658 0.761287 0.883572 
GPS 16 0.220233 29.5266 45 1.00253 0.220233 0.971513 
GPS 23 0.834087 44.1197 16 0.377103 0.834087 1 
GPS 29 -0.702461 45.6151 107 0.352305 -0.702461 1 
GPS 30 -0.231491 53.485 255 -0.168392 -0.231491 1 
GPS 31 -0.406813 52.8475 210 -0.678845 -0.406813 1 
GPS  2 0.338918 15.4775 42 0.354757 0.332852 0.284858 
GPS 10 -0.207816 19.1362 38 0.355045 -0.0379012 0.42985 
GPS 13 0.83241 31.5562 17 0.292468 0.783866 1 
GPS 16 0.0254412 34.16 52 0.0785163 0.0254412 1 
GPS 23 0.927583 45.3864 16 0.306358 0.887514 1 
GPS 29 -0.825251 44.4234 124 -0.743215 -0.825251 1 
GPS 30 -0.185036 49.1086 267 -1.05329 -0.185036 1 
GPS 31 -0.0259987 48.2284 230 -0.332019 -0.0259987 1 
GPS 10 0.192898 20.0586 38 0.499303 0.028997 0.470545 
GPS 13 0.746831 34.8038 17 0.272977 0.774942 1 
GPS 16 0.136252 38.8415 60 0.268567 0.136252 1 
GPS 23 0.87787 45.9342 16 0.366248 0.884007 1 
GPS 29 0.0907512 42.5823 125 -0.270562 0.0907512 1 
GPS 30 0.517123 44.6352 278 -1.47163 0.517123 1 
GPS 31 0.13019 43.5937 236 -0.0247322 0.13019 1 
GPS  6 -0.0747003 16.1396 21 -0.275279 -0.0747003 0.309089 
GPS 10 -0.0299164 20.493 38 0.449939 0.015758 0.490259 
GPS 13 0.761967 37.6885 17 0.309316 0.772422 1 
GPS 16 0.144652 43.5581 63 0.35184 0.144652 1 
GPS 23 0.918217 45.7233 16 0.381087 0.89313 1 
GPS 29 -0.032662 40.186 134 -0.123882 -0.032662 1 
GPS 30 -0.266849 40.1258 288 -0.409511 -0.266849 1 
GPS 31 0.151034 38.9701 236 0.00127413 0.146866 1 
GPS  6 -0.0429033 20.5611 21 -0.372323 -0.050241 0.493381 
GPS 10 0.0303589 20.4286 38 0.361934 0.0184371 0.487317 
GPS 13 0.772993 40.1118 17 0.318868 0.772515 1 
GPS 16 -0.627657 48.2908 79 0.244108 -0.627657 1 
GPS 23 -0.104047 44.761 17 -2.24274 -0.104047 1 
GPS 29 0.0286361 37.3363 138 -0.793642 0.0286361 1 
GPS 30 -0.33879 35.6209 288 -0.453806 -0.313263 1 
GPS 31 0.121923 34.3756 236 0.0204594 0.13578 1 
GPS  6 -0.0621289 25.0337 21 -0.394006 -0.0554097 0.716227 
GPS 10 -0.112155 19.8711 38 0.387939 -0.00180971 0.462144 
GPS 13 -0.143278 41.9716 21 1.68611 -0.143278 1 
GPS 16 0.135586 53.0115 82 0.0880161 0.135586 1 
GPS 23 -0.640035 43.0994 33 0.468944 -0.640035 1 
GPS 29 0.244998 34.1309 154 -1.15548 0.244998 1 
GPS 30 0.290278 31.1478 296 0.431937 0.290278 1 
GPS 31 0.13603 29.8227 236 0.0184058 0.135857 0.989299 
GPS  3 -0.328728 18.4387 51 -0.854137 -0.328728 0.400159 
GPS  6 1.55942 29.5418 22 -0.754299 1.55942 0.972424 
GPS 10 -0.116484 18.8416 39 1.86778 -0.116484 0.417194 
GPS 13 -0.197593 43.1747 28 -0.394078 -0.197593 1 
GPS 16 0.125924 57.6781 83 0.194678 0.125924 1 
GPS 21 -0.443379 17.9426 52 -0.10848 -0.443379 0.379615 
GPS 23 -0.545613 40.8237 47 0.323689 -0.545613 1 
GPS 29 0.000186142 30.6564 166 -0.407049 0.000186142 1 
GPS 30 -0.269636 26.7246 298 0.381107 -0.269636 0.80893 
GPS 31 0.120114 25.32 237 -0.273987 0.120114 0.731619 
GPS  3 -0.340724 22.9162 51 -0.950038 -0.335392 0.606482 
GPS  6 1.61468 34.0644 22 -0.762313 1.58776 1 
GPS 10 -0.00569537 17.3743 39 1.90173 -0.0596692 0.356679 
GPS 13 -0.019619 43.6523 32 0.986343 -0.019619 1 
GPS 16 0.106893 62.2237 83 0.167625 0.116164 1 
GPS 21 -0.346125 21.1911 52 -0.0688704 -0.392193 0.522672 
GPS 23 0.00296985 38.0355 51 1.66697 0.00296985 1 
GPS 29 -0.0330249 26.9858 168 -0.145592 -0.0330249 0.823626 
GPS 30 -0.35686 22.363 298 0.375258 -0.314366 0.57904 
GPS 31 0.0986469 20.8737 237 -0.292287 0.109105 0.507824 
GPS  3 -0.32998 27.461 51 -0.795354 -0.333459 0.850616 
GPS  5 0.339754 15.9385 138 -0.08525 0.339754 0.301633 
GPS  6 -0.100946 38.5738 23 0.0514218 -0.100946 1 
GPS 10 0.0354011 15.5132 39 1.87595 -0.027442 0.286142 
GPS 13 -0.0113048 43.3735 44 -2.73898 -0.0113048 1 
GPS 16 0.0693473 66.5368 84 -0.251862 0.0693473 1 
GPS 21 -0.424506 24.2619 52 0.0364791 -0.403335 0.675382 
GPS 23 -0.807406 34.8387 52 0.893137 -0.807406 1 
GPS 29 -0.0369668 23.1784 172 -0.317422 -0.0369668 0.61967 
GPS 30 -0.302225 18.0703 298 0.348876 -0.31025 0.384857 
GPS 31 0.133921 16.4879 237 -0.23248 0.117517 0.322199 
GPS  3 -0.3554 32.0585 51 -0.863849 -0.339233 1 
GPS  5 0.142479 17.2212 142 -1.10808 0.142479 0.350611 
GPS  6 -0.116073 43.032 23 0.0476815 -0.110114 1 
GPS  7 0.863336 17.5016 118 0.273849 0.863336 0.361762 
GPS 13 -0.178794 42.3533 53 0.353357 -0.178794 1 
GPS 16 0.0330739 70.4228 84 -0.211508 0.0434377 1 
GPS 21 -0.401279 27.1016 52 -0.10904 -0.402808 0.830178 
GPS 23 0.729199 31.3293 57 2.63962 0.729199 1 
GPS 29 0.884135 19.2815 175 0.417705 0.884135 0.436155 
GPS  3 -0.340287 36.6887 51 -0.965771 -0.339453 1 
GPS  5 0.367142 18.0604 148 -2.33541 0.367142 0.384447 
GPS  6 -0.16816 47.3873 23 0.0946836 -0.132018 1 
GPS  7 -0.0849501 21.601 128 1.64486 -0.0849501 0.542109 
GPS 13 -0.394724 40.6485 73 -1.13766 -0.394724 1 
GPS 16 0.0104895 73.5411 84 -0.170843 0.0297093 1 
GPS 21 -0.45546 29.6512 52 -0.0447822 -0.413553 0.978987 
GPS 23 0.354811 27.5912 62 -0.499806 0.354811 0.858071 
GPS 29 0.932411 15.3319 175 0.434863 0.928022 0.279651 
GPS  3 -0.334207 41.3229 51 -0.89628 -0.338548 1 
GPS  5 0.460657 18.4321 151 -0.560081 0.460657 0.39988 
GPS  6 -0.170169 51.5681 23 0.0349673 -0.142471 1 
GPS  7 0.0431959 25.6955 128 1.73285 0.00997286 0.751998 
GPS 13 -0.123643 38.3459 76 -0.0836716 -0.123643 1 
GPS 16 -0.00711737 75.3682 84 -0.249342 0.0188779 1 
GPS 21 -0.434021 31.8472 52 0.046385 -0.417023 1 
GPS 23 0.814377 23.6948 65 0.349629 0.814377 0.64598 
GPS  3 -0.39052 45.9208 51 -0.870151 -0.346191 1 
GPS  5 -0.179459 18.3258 152 0.534673 -0.179459 0.39544 
GPS  6 -0.219802 55.4748 23 0.0383264 -0.159101 1 
GPS  7 0.808276 29.757 135 1.62839 0.808276 0.985346 
GPS 13 -0.17022 35.5464 76 -0.0658194 -0.148157 1 
GPS 16 0.00616839 75.4042 84 -0.206966 0.0159894 1 
GPS 21 -0.467425 33.6253 52 -0.124646 -0.424327 1 
GPS 23 0.811899 19.6975 65 0.420838 0.813073 0.454424 
GPS  3 -0.379696 50.4244 51 -0.811885 -0.350487 1 
GPS  5 -0.286043 17.7454 152 0.5649 -0.280967 0.371584 
GPS  6 -0.202227 58.9701 23 0.00841657 -0.166734 1 
GPS  7 0.247376 33.7469 138 1.6454 0.247376 1 
GPS 13 -0.143231 32.3519 76 -0.0241734 -0.146458 1 
GPS 16 0.00651707 73.6472 84 -0.231956 0.0142353 1 
GPS 19 -0.0583249 19.5872 28 -3.52151 -0.0583249 0.449547 
GPS 21 -0.477802 34.9255 52 -0.235952 -0.431096 1 
GPS 23 0.877678 15.6461 65 0.468748 0.83535 0.290939 
GPS  3 -0.381254 54.7497 51 -0.744478 -0.353983 1 
GPS  5 -0.433373 16.7089 154 0.949688 -0.433373 0.330645 
GPS  6 -0.250905 61.8721 23 -0.00923649 -0.179391 1 
GPS  7 -1.8052e-05 37.6137 138 1.5912 0.0117626 1 
GPS 13 -0.122494 28.8562 76 -0.0952722 -0.140314 0.931658 
GPS 16 0.0020864 70.5984 84 -0.234418 0.012337 1 
GPS 19 0.0785166 24.1586 35 0.862464 0.0785166 0.669988 
GPS 21 -0.50599 35.6983 52 -0.215627 -0.439511 1 
GPS  3 -0.420013 58.7744 51 -0.909403 -0.360721 1 
GPS  5 -0.387877 15.2461 154 0.941368 -0.408097 0.276602 
GPS  6 -0.278075 63.9618 23 -0.0175152 -0.192291 1 
GPS  7 -0.0551057 41.2892 138 1.60215 -0.0208561 1 
GPS  8 -0.526974 17.0678 70 0.738774 -0.526974 0.344577 
GPS 13 -0.113934 25.1408 76 -0.0145075 -0.13493 0.72197 
GPS 16 -5.58823e-05 66.7877 84 -0.248609 0.0106623 1 
GPS 19 0.142972 28.7914 35 0.763256 0.116432 0.927839 
GPS 21 -0.500836 35.9109 52 -0.176459 -0.445706 1 
GPS  3 -0.413884 62.3207 51 -0.939656 -0.365643 1 
GPS  6 -0.245367 65.0265 27 -0.413907 -0.245367 1 
GPS  7 -0.0722316 44.6854 138 1.65157 -0.0377005 1 
GPS  8 0.323471 21.1092 72 1.76421 0.323471 0.518822 
GPS 13 -0.147425 21.2742 76 -0.0669698 -0.137048 0.526588 
GPS 16 -0.026082 62.5603 84 -0.248363 0.00628796 1 
GPS 19 0.0883312 33.4734 35 0.771649 0.106024 1 
GPS 21 -0.458851 35.5519 52 -0.207193 -0.446912 1 
GPS  3 0.403695 65.1437 52 0.224568 0.403695 1 
GPS  6 -0.287505 64.9393 27 -0.408552 -0.283675 1 
GPS  7 -0.0418763 47.6923 138 1.61663 -0.0387316 1 
GPS  8 -0.407762 25.1288 74 -0.400783 -0.407762 0.721327 
GPS 13 -0.175403 17.3123 76 -0.00578227 -0.142607 0.354216 
GPS 16 0.00432417 58.1121 84 -0.268451 0.00607905 1 
GPS 19 0.107369 38.1879 35 0.760062 0.106388 1 
GPS 21 -0.414689 34.6334 52 -0.173654 -0.444204 1 
GPS  3 -0.435061 66.9488 61 -0.20828 -0.435061 1 
GPS  6 -0.330624 63.7273 28 0.0447746 -0.330624 1 
GPS  7 -0.081462 50.1799 139 1.3671 -0.081462 1 
GPS  8 0.445504 29.0934 78 0.887736 0.445504 0.945695 
GPS 16 0.0269517 53.5539 87 -0.731471 0.0269517 1 
GPS 19 0.877855 42.9116 36 0.73155 0.877855 1 
GPS 21 0.40071 33.1885 53 0.769839 0.40071 1 
GPS  3 -0.433149 67.4794 61 -0.0571711 -0.433398 1 
GPS  6 -0.304325 61.5584 28 0.192306 -0.307756 1 
GPS  7 -0.0666135 52.0082 139 1.54149 -0.0685503 1 
GPS  8 0.494079 32.9583 78 0.935837 0.487743 1 
GPS 16 -0.0247034 48.9512 87 -0.605599 -0.0179658 1 
GPS 19 0.955315 47.6114 36 0.873445 0.945212 1 
GPS 21 0.400951 31.2665 53 0.957938 0.40092 1 
GPS  3 -0.446944 66.6554 61 -0.140594 -0.439699 1 
GPS  6 -0.297844 58.6603 28 0.234324 -0.303146 1 
GPS  7 -0.127165 53.0479 139 1.53725 -0.0958132 1 
GPS  8 0.423914 36.6649 78 1.15318 0.458055 1 
GPS 16 -0.036631 44.3444 87 -0.603907 -0.0266473 1 
GPS 19 0.906453 52.2404 36 0.899877 0.927185 1 
GPS 21 0.394774 28.9264 53 0.87804 0.398061 0.935807 
GPS 26 -0.0743345 16.0078 89 -1.5493 -0.0743345 0.304191 
GPS  3 -0.440149 64.6297 61 -0.0463859 -0.439841 1 
GPS  6 -0.308196 55.2478 28 0.205787 -0.304749 1 
GPS  7 -0.0822228 53.2104 139 1.51977 -0.0914988 1 
GPS  8 0.471288 40.1374 78 1.053 0.462256 1 
GPS 16 -0.0391026 39.7592 87 -0.585643 -0.0306014 1 
GPS 18 -1.35835 15.5494 49 -0.662014 -1.35835 0.287443 
GPS 19 0.904855 56.7289 36 0.899991 0.920096 1 
GPS 21 0.37493 26.2309 53 0.923984 0.390718 0.781422 
GPS 26 -0.111379 18.5911 89 -1.52836 -0.100795 0.406564 
GPS  3 -0.452891 61.6908 61 -0.0413853 -0.442986 1 
GPS  6 -0.275242 51.4909 28 0.209176 -0.297639 1 
GPS  7 -0.0994928 52.4737 139 1.58066 -0.093425 1 
GPS  8 0.428268 43.2804 78 1.06883 0.454066 1 
GPS 16 0.0381179 35.2127 87 -0.597194 -0.0140425 1 
GPS 18 -1.41546 17.8805 49 -0.730035 -1.40404 0.377078 
GPS 19 0.89466 60.972 36 0.876409 0.913967 1 
GPS 21 0.347276 23.2415 53 0.871055 0.38025 0.622861 
GPS 26 -0.068936 20.7804 89 -1.51411 -0.0875202 0.503496 
GPS  3 -0.423902 58.128 61 -0.0496852 -0.43928 1 
GPS  6 -0.293961 47.5137 28 0.206965 -0.296925 1 
GPS  7 -0.0249478 50.8893 139 1.50905 -0.0801285 1 
GPS  8 0.373383 45.98 78 1.12254 0.438399 1 
GPS 16 -0.0308164 30.716 87 -0.576016 -0.0172995 1 
GPS 18 -1.49952 19.8996 49 -0.656474 -1.44647 0.463415 
GPS 19 0.900953 64.8077 36 0.876871 0.91144 1 
GPS 21 0.393018 20.0148 53 0.900933 0.382729 0.468577 
GPS 26 -0.167207 22.514 91 -0.786387 -0.167207 0.586477 
GPS  3 -0.42561 54.167 61 -0.0633186 -0.437057 1 
GPS  6 -0.292274 43.4038 28 0.199796 -0.296169 1 
GPS  7 -0.0678955 48.5651 139 1.50636 -0.0781394 1 
GPS  8 0.419245 48.1082 78 1.05038 0.435285 1 
GPS 11 0.455818 15.0968 4 -0.130414 0.455818 0.271337 
GPS 16 -0.0668432 26.2762 87 -0.598331 -0.0253554 0.783928 
GPS 18 -1.46762 21.5583 49 -0.577235 -1.45298 0.540069 
GPS 19 0.859101 67.9908 36 0.89597 0.90293 1 
GPS 21 0.318578 16.6014 53 0.9374 0.372298 0.326526 
GPS 26 0.308922 23.7378 93 -0.238414 0.308922 0.648194 
GPS  3 -0.454267 49.9663 61 -0.149441 -0.439464 1 
GPS  6 -0.305568 39.2222 28 0.137343 -0.297483 1 
GPS  7 -0.0550584 45.6365 139 1.53686 -0.0749113 1 
GPS  8 0.374165 49.5379 78 1.13724 0.426737 1 
GPS 11 0.168786 19.3863 11 0.196649 0.168786 0.440726 
GPS 16 0.0192514 21.8979 87 -0.634823 -0.0191167 0.55638 
GPS 18 -1.49948 22.8118 49 -0.560725 -1.46392 0.601261 
GPS 19 0.839278 70.1841 36 0.92338 0.894027 1 
GPS 26 0.706383 24.4117 93 -0.254372 0.626891 0.683236 
GPS  3 -0.437262 45.6328 61 0.0513069 -0.439194 1 
GPS  6 -0.245341 35.0113 28 0.186356 -0.291085 1 
GPS  7 -0.0386406 42.2399 139 1.49035 -0.0704609 1 
GPS  8 0.327229 50.1642 78 0.932816 0.414527 1 
GPS 11 0.165559 23.7354 11 0.190849 0.166888 0.648071 
GPS 16 -0.00102602 17.5838 87 -0.636066 -0.016897 0.36506 
GPS 18 -1.48158 23.6227 49 -0.5334 -1.46728 0.64228 
GPS 19 0.811252 71.0365 36 0.88525 0.883871 1 
GPS 22 -0.0226132 16.9635 100 -1.287 -0.0226132 0.340502 
GPS 26 0.021286 24.5143 94 -0.0507725 0.021286 0.688634 
GPS  3 -0.438782 41.2381 61 -0.085834 -0.439149 1 
GPS  6 -0.257063 30.8005 28 0.173495 -0.287367 1 
GPS  7 -0.03781 38.4974 139 1.50061 -0.0668925 1 
GPS  8 0.299864 49.9302 78 1.0347 0.401996 1 
GPS 11 0.301836 28.1285 20 2.103 0.301836 0.889061 
GPS 15 0.510203 16.5166 103 -2.83289 0.510203 0.323289 
GPS 18 -1.55995 23.9642 49 -0.575762 -1.48211 0.659881 
GPS 19 0.803462 70.3839 36 0.88536 0.875083 1 
GPS 22 -0.0401501 19.8021 100 -1.24386 -0.032929 0.459068 
GPS 26 -0.0567827 24.0463 94 -0.0992615 -0.0177483 0.664144 
GPS  3 0.403495 36.8303 63 -0.344708 0.403495 1 
GPS  6 -0.326656 26.6103 28 0.139095 -0.291238 0.802531 
GPS  7 -0.0308028 34.5108 139 1.50706 -0.0633368 1 
GPS  8 0.28119 48.8424 78 0.999922 0.390094 1 
GPS 11 0.264641 32.5443 32 0.800926 0.264641 1 
GPS 15 0.798465 17.7808 117 -0.418641 0.798465 0.373017 
GPS 18 -1.59003 23.823 49 -0.545284 -1.497 0.652581 
GPS 19 0.807478 68.386 36 0.90085 0.868422 1 
GPS 22 -0.0730971 22.3811 100 -1.23404 -0.0478061 0.579927 
GPS 26 0.0609935 23.0307 95 -0.480307 0.0609935 0.612224 
GPS  3 0.40961 32.4417 63 -0.179226 0.407712 1 
GPS  6 -0.274251 22.4547 28 0.153032 -0.289714 0.58355 
GPS  7 -0.00725975 30.3614 139 1.49494 -0.0583075 1 
GPS  8 0.324826 46.9689 78 1.11812 0.38424 1 
GPS 11 0.191663 36.9543 32 0.728785 0.214312 1 
GPS 15 0.822404 18.599 119 1.31125 0.822404 0.406899 
GPS 18 -1.54727 23.2009 49 -0.572539 -1.50309 0.620806 
GPS 19 0.798171 65.4003 36 0.89567 0.862122 1 
GPS 22 -0.0761293 24.6431 100 -1.29165 -0.055461 0.695439 
GPS 26 -0.361417 21.509 102 -1.69552 -0.361417 0.537719 
GPS 28 0.362283 30.9447 6 -0.475389 0.362283 1 
GPS  3 0.462347 28.0939 63 -0.249946 0.430012 0.887057 
GPS  6 -0.250089 18.3428 28 0.152751 -0.286453 0.396147 
GPS  7 0.000591706 26.1133 139 1.47107 -0.0534598 0.774921 
GPS  8 0.323614 44.4196 78 1.00366 0.37925 1 
GPS 11 0.221503 41.3196 32 0.811914 0.217247 1 
GPS 15 -0.0270232 18.9489 134 -2.15372 -0.0270232 0.421785 
GPS 18 -1.46702 22.1144 49 -0.551087 -1.49919 0.566878 
GPS 19 0.793916 61.7741 36 0.852507 0.856508 1 
GPS 22 -0.0728586 26.5301 100 -1.20309 -0.0591626 0.79805 
GPS 26 -1.76873 19.5364 111 0.214694 -1.76873 0.44731 
GPS 28 0.256413 35.0286 6 -0.443765 0.306562 1 
GPS  3 0.428886 23.8013 63 -0.245254 0.429686 0.651463 
GPS  7 -0.0955079 21.816 139 1.46346 -0.0566574 0.552429 
GPS  8 0.36672 41.3221 78 0.995985 0.378297 1 
GPS 11 0.221701 45.5867 33 0.502808 0.221701 1 
GPS 15 -0.000278993 18.8214 135 0.805243 -0.000278993 0.416331 
GPS 18 -0.622419 20.5926 50 -2.90896 -0.622419 0.494828 
GPS 19 0.800881 57.7601 36 0.848987 0.852278 1 
GPS 22 -0.0873595 27.9867 100 -1.14292 -0.0641094 0.880842 
GPS 26 -0.0702239 17.1759 115 2.66445 -0.0702239 0.348823 
GPS 28 0.261816 39.0694 6 -0.483492 0.291133 1 
GPS  3 0.437179 19.5728 63 -0.389802 0.431369 0.448913 
GPS  7 -0.0779106 17.5079 139 1.50921 -0.0581594 0.362014 
GPS  8 0.317142 37.8011 78 1.14194 0.373975 1 
GPS 11 0.212967 49.6824 33 0.525202 0.215878 1 
GPS 15 -0.0604002 18.2218 135 0.808652 -0.0311104 0.391118 
GPS 18 -0.710075 18.6742 50 -2.91721 -0.680856 0.410079 
GPS 19 0.785765 53.5225 36 0.855301 0.847577 1 
GPS 22 -0.105088 28.9649 100 -1.19212 -0.0702256 0.938084 
GPS 28 0.277262 43.026 6 -0.526782 0.287576 1 
GPS  3 0.360799 15.4138 63 -0.22546 0.418421 0.282572 
GPS  8 0.354349 33.9676 78 0.956777 0.37268 1 
GPS 11 0.204856 53.5063 33 0.561851 0.21147 1 
GPS 15 -0.341428 17.1697 136 -0.599043 -0.341428 0.348579 
GPS 18 0.148995 16.404 51 0.479295 0.148995 0.31902 
GPS 19 0.795441 49.1655 36 0.839706 0.844136 1 
GPS 22 -0.0686176 29.4297 100 -1.17623 -0.0700168 0.96572 
GPS 28 0.250386 46.8415 6 -0.495309 0.279986 1 
GPS  8 0.321869 29.9146 78 0.945003 0.369534 0.99484 
GPS 11 0.182988 56.923 33 0.568145 0.203332 1 
GPS 15 -0.0662217 15.6961 138 -1.90009 -0.0662217 0.292755 
GPS 19 0.823865 44.7556 36 0.882326 0.842881 1 
GPS 22 -0.140449 29.3628 100 -1.16248 -0.0781125 0.961727 
GPS 28 0.226323 50.4377 6 -0.516388 0.270891 1 
GPS  8 0.355046 25.7173 78 0.905212 0.368689 0.753187 
GPS 11 0.200247 59.7582 33 0.552395 0.202646 1 
GPS 19 0.775393 40.3359 36 0.876767 0.838946 1 
GPS 22 -0.0790415 28.7653 100 -1.04571 -0.0782083 0.926304 
GPS 28 0.251254 53.7094 6 -0.547522 0.268045 1 
GPS  8 0.388053 21.4356 78 1.04155 0.369756 0.534232 
GPS 11 0.154627 61.808 33 0.555 0.193915 1 
GPS 19 0.83436 35.9348 36 0.874989 0.838693 1 
GPS 22 -0.127883 27.6573 100 -1.12556 -0.0828508 0.861859 
GPS 28 0.232803 56.52 6 -0.553678 0.263584 1 
GPS  8 0.435208 17.1165 78 0.979747 0.373174 0.346485 
GPS 11 0.138353 62.8778 33 0.551157 0.185367 1 
GPS 17 -0.794453 17.9825 30 -0.392395 -0.794453 0.38125 
GPS 19 0.853976 31.5707 36 0.935744 0.839491 1 
GPS 22 -0.124159 26.075 100 -1.14097 -0.0863814 0.772805 
GPS 28 0.202207 58.7046 6 -0.544365 0.256688 1 
GPS 11 0.179261 62.8496 33 0.535801 0.184553 1 
GPS 17 -0.833091 22.1544 30 -0.412757 -0.819381 0.56883 
GPS 19 0.871491 27.2558 36 0.903615 0.841079 0.838926 
GPS 22 -0.168032 24.0662 100 -1.13288 -0.0928106 0.665177 
GPS 28 0.201417 60.0889 6 -0.485112 0.251105 1 
GPS 32 0.369866 16.3142 50 1.45369 0.369866 0.315628 
GPS  9 0.288177 15.2703 15 1.00585 0.288177 0.277461 
GPS 11 0.17134 61.7378 33 0.577866 0.182999 1 
GPS 17 -0.794185 26.381 30 -0.381597 -0.8095 0.789748 
GPS 19 0.857568 22.9977 36 0.894496 0.841859 0.610567 
GPS 22 -0.160272 21.6855 100 -1.13241 -0.0977347 0.546153 
GPS 28 0.21182 60.5303 6 -0.528593 0.247501 1 
GPS 32 -0.0911741 20.3735 53 2.59445 -0.0911741 0.4848 
GPS  9 0.334921 18.1021 15 0.991564 0.330671 0.386164 
GPS 11 0.137463 59.6833 33 0.530384 0.178205 1 
GPS 17 -0.827322 30.6573 30 -0.381707 -0.814521 1 
GPS 19 0.772437 18.8006 36 0.902443 0.838725 0.415447 
GPS 22 -0.130682 18.9889 100 -1.09415 -0.0999761 0.423502 
GPS 28 0.204728 59.9665 6 -0.491516 0.243906 1 
GPS 32 -0.0873879 24.3758 53 2.57732 -0.0891813 0.681348 
GPS  9 0.260489 20.5914 15 0.990004 0.297251 0.494775 
GPS 11 0.127414 56.8908 33 0.562917 0.173368 1 
GPS 17 -0.848474 34.9747 30 -0.391372 -0.821983 1 
GPS 20 -0.28848 16.1617 36 1.09215 -0.28848 0.309913 
GPS 22 -0.114963 16.031 100 -1.15464 -0.100931 0.305052 
GPS 28 0.17456 58.4411 6 -0.521693 0.238531 1 
GPS 32 -0.114986 28.2754 53 2.59383 -0.0980796 0.897607 
GPS  9 0.211978 22.6727 16 0.573137 0.211978 0.594336 
GPS 11 0.116325 53.5637 33 0.585366 0.168408 1 
GPS 14 -0.140442 17.1582 119 1.29932 -0.140442 0.348127 
GPS 17 -0.860696 39.3203 30 -0.4077 -0.828958 1 
GPS 20 -0.35663 20.3401 36 1.00536 -0.340903 0.483282 
GPS 28 0.131073 56.0831 6 -0.519838 0.2308 1 
GPS 32 -0.10597 32.0164 53 2.57533 -0.100103 1 
GPS  9 0.331566 24.2829 16 0.609467 0.315967 0.676481 
GPS 11 0.116121 49.8707 33 0.586306 0.164225 1 
GPS 14 -0.133415 19.2405 119 1.29814 -0.136744 0.434372 
GPS 17 -0.88188 43.6744 30 -0.33667 -0.837038 1 
GPS 20 -0.396824 24.5265 36 0.95525 -0.365217 0.689278 
GPS 28 0.176431 53.0595 6 -0.537961 0.227151 1 
GPS 32 -0.144977 35.5305 53 2.55261 -0.109261 1 
GPS  9 0.226358 25.3679 17 2.08271 0.226358 0.734206 
GPS 11 0.0679485 45.9399 33 0.592541 0.157093 1 
GPS 14 -0.144719 20.9307 119 1.32912 -0.139494 0.510476 
GPS 17 -0.878216 48.0076 30 -0.409769 -0.842492 1 
GPS 20 -0.435437 28.6891 36 1.04776 -0.386496 0.921819 
GPS 28 0.21773 49.5341 6 -0.585254 0.226559 1 
GPS 32 -0.14643 38.7366 53 2.55412 -0.115561 1 
GPS  9 0.268589 25.8887 17 2.14677 0.256523 0.762561 
GPS 11 0.0682638 41.8639 33 0.583398 0.150967 1 
GPS 14 -0.240868 22.1808 119 1.27122 -0.165487 0.570115 
GPS 17 -0.863002 52.2761 30 -0.415214 -0.844891 1 
GPS 20 -0.404746 32.7871 36 0.993068 -0.39074 1 
GPS 28 0.214737 45.646 6 -0.52278 0.225859 1 
GPS 32 -0.164392 41.5419 53 2.57384 -0.122638 1 
GPS  9 0.224272 25.8266 17 2.27708 0.243085 0.759162 
GPS 11 0.0623074 37.7089 33 0.537233 0.145247 1 
GPS 14 -0.142623 22.9517 119 1.26754 -0.160821 0.608258 
GPS 17 -0.855292 56.4134 30 -0.41653 -0.84598 1 
GPS 20 -0.4092 36.7674 36 0.980971 -0.394223 1 
GPS 28 0.220643 41.5056 6 -0.539917 0.225568 1 
GPS 32 -0.155772 43.846 53 2.61297 -0.126832 1 
GPS  9 0.334503 25.1866 17 2.18833 0.269973 0.724433 
GPS 11 0.0379969 33.5217 33 0.580689 0.138747 1 
GPS 14 -0.0878373 23.2172 119 1.30058 -0.148451 0.62163 
GPS 17 -0.854955 60.3188 30 -0.414797 -0.846831 1 
GPS 20 -0.413013 40.562 36 0.985756 -0.397206 1 
GPS 28 0.237466 37.1971 6 -0.52151 0.226197 1 
GPS 32 -0.147902 45.5499 53 2.56459 -0.129199 1 
GPS  9 0.343183 23.9962 17 2.13723 0.286612 0.661541 
GPS 11 0.0345509 29.3351 33 0.576621 0.132793 0.960075 
GPS 14 -0.137023 22.967 119 1.26158 -0.146795 0.609027 
GPS 17 -0.824915 63.8384 30 -0.399189 -0.844933 1 
GPS 20 -0.423918 44.0846 36 1.01144 -0.400865 1 
GPS 28 0.218781 32.7847 6 -0.519693 0.225825 1 
GPS 32 -0.197878 46.5701 53 2.59337 -0.136137 1 
GPS  4 0.0445045 17.6047 16 0.299892 0.0445045 0.365898 
GPS  9 0.299599 22.3018 17 2.14453 0.289017 0.576034 
GPS 11 0.0806146 25.1722 33 0.62647 0.129973 0.723656 
GPS 14 -0.13174 22.2079 119 1.27135 -0.144889 0.571442 
GPS 17 -0.825974 66.7456 30 -0.437199 -0.843422 1 
GPS 20 -0.42525 47.2288 36 0.981219 -0.403803 1 
GPS 28 0.194676 28.3166 6 -0.533249 0.224334 0.900005 
GPS 32 -0.220799 46.854 53 2.631 -0.143904 1 
GPS  4 0.0810465 21.9892 16 0.252972 0.0666512 0.560795 
GPS  9 0.346545 20.1627 18 -0.244342 0.346545 0.475238 
GPS 11 0.113539 21.0486 33 0.590065 0.12913 0.515982 
GPS 14 -0.0319557 20.963 121 0.238 -0.0319557 0.511985 
GPS 17 -0.825181 68.7398 30 -0.370449 -0.842076 1 
GPS 20 -0.427876 49.8699 36 0.984712 -0.406391 1 
GPS 28 0.165494 23.8297 6 -0.503223 0.221647 0.652926 
GPS 32 -0.2318 46.3921 53 2.57148 -0.15129 1 
GPS  4 0.0256631 26.4409 16 0.268059 0.051184 0.793076 
GPS  9 -0.457922 17.6451 24 7.48862 -0.457922 0.367526 
GPS 11 0.0281351 16.9749 33 0.52841 0.124203 0.340947 
GPS 12 0.484828 15.5409 96 0.993661 0.484828 0.287137 
GPS 14 -0.163958 19.2687 122 -1.51851 -0.163958 0.435597 
GPS 17 -0.83886 69.5136 30 -0.401956 -0.841855 1 
GPS 20 -0.440231 51.8732 36 1.0101 -0.409677 1 
GPS 28 0.145506 19.3523 6 -0.548356 0.218322 0.43924 
GPS 32 -0.259438 45.2207 53 2.58708 -0.159674 1 
GPS  4 0.0283384 30.9537 16 0.286161 0.0449249 1 
GPS 12 -0.693806 19.1025 98 1.34803 -0.693806 0.428394 
GPS 14 -0.166869 17.1708 122 -1.50666 -0.165413 0.348622 
GPS 17 -0.840296 68.9063 30 -0.459754 -0.841755 1 
GPS 20 -0.457278 53.1134 36 1.06504 -0.413889 1 
GPS 32 -0.234062 43.4131 53 2.55495 -0.165025 1 
GPS  4 0.0319136 35.5183 16 0.219956 0.0421268 1 
GPS 12 -0.740616 22.4801 98 1.41684 -0.729814 0.584802 
GPS 17 -0.827886 67.0157 30 -0.418109 -0.840917 1 
GPS 20 -0.481079 53.5018 36 1.05132 -0.419352 1 
GPS 32 -0.245713 41.0644 53 2.57288 -0.170441 1 
GPS  4 0.013391 40.1211 16 0.276974 0.0370408 1 
GPS 12 0.876064 25.6162 100 1.83252 0.876064 0.747673 
GPS 17 -0.835806 64.1226 30 -0.416914 -0.840626 1 
GPS 20 -0.491043 53.0118 36 0.999589 -0.424742 1 
GPS 32 -0.23032 38.276 53 2.58131 -0.174207 1 
GPS  4 0.035335 44.7423 16 0.265185 0.0367843 1 
GPS 12 0.0943186 28.4452 102 -3.16316 0.0943186 0.907515 
GPS 17 -0.833447 60.5314 30 -0.432161 -0.840239 1 
GPS 20 -0.49132 51.6878 36 1.02714 -0.429398 1 
GPS 32 -0.252432 35.144 53 2.57537 -0.178835 1 
GPS  4 0.0199461 49.3526 16 0.221442 0.0345832 1 
GPS 12 0.870114 30.895 103 -0.259861 0.870114 1 
GPS 17 -0.823568 56.4835 30 -0.324968 -0.839386 1 
GPS 20 -0.483076 49.6314 36 0.951419 -0.432906 1 
GPS 23 -0.236627 16.4892 66 0.136257 -0.236627 0.322248 
GPS 32 -0.225663 31.7529 53 2.56212 -0.181451 1 
GPS  4 0.0185188 53.9088 16 0.281138 0.0327261 1 
GPS 12 0.0431036 32.8914 104 -0.331896 0.0431036 1 
GPS 17 -0.838492 52.1474 30 -0.411752 -0.839342 1 
GPS 20 -0.475152 46.9735 36 1.00706 -0.435498 1 
GPS 23 -0.262109 20.2257 66 0.0725571 -0.254828 0.478086 
GPS 32 -0.212951 28.1732 53 2.58489 -0.183118 0.89166 
GPS  2 0.0718357 17.9918 50 2.42969 0.0718357 0.381628 
GPS  4 0.0368369 58.3452 16 0.269318 0.033152 1 
GPS 10 -0.297394 17.2318 40 -0.247132 -0.297394 0.351029 
GPS 12 0.0432171 34.3637 104 -0.377372 0.0431633 1 
GPS 17 -0.807861 47.6364 30 -0.401742 -0.837882 1 
GPS 20 -0.494902 43.8482 36 1.03235 -0.438932 1 
GPS 23 -0.292416 23.8602 66 0.0942496 -0.27049 0.654502 
GPS 25 -0.385291 17.1368 170 -0.604457 -0.385291 0.347285 
GPS 32 -0.182706 24.4621 53 2.6123 -0.183097 0.685887 
GPS  2 -0.736623 22.0981 62 -0.558072 -0.736623 0.566087 
GPS  4 0.209968 62.5589 24 0.501733 0.209968 1 
GPS 10 -0.293437 21.7524 43 -0.648214 -0.293437 0.549369 
GPS 12 -0.740224 35.2539 105 -1.52828 -0.740224 1 
GPS 17 0.207227 43.0274 38 0.393935 0.207227 1 
GPS 20 0.286996 40.3759 44 0.960029 0.286996 1 
GPS 23 0.65369 27.3418 69 0.226127 0.65369 0.84382 
GPS 25 -0.26104 20.0295 171 0.52219 -0.26104 0.469236 
GPS 31 -0.152903 15.6815 244 -2.364 -0.152903 0.292225 
GPS 32 0.324307 20.6647 61 2.37395 0.324307 0.498148 
GPS  2 0.931446 26.2587 65 -0.123136 0.931446 0.782958 
GPS  4 0.03342 66.3852 28 0.0156603 0.03342 1 
GPS 10 0.638323 26.3426 47 0.169797 0.638323 0.787614 
GPS 12 0.0722723 35.5239 109 2.31717 0.0722723 1 
GPS 13 -7.85887e-05 15.0271 77 -2.25974 -7.85887e-05 0.268897 
GPS 17 0.060195 38.373 42 -0.589291 0.060195 1 
GPS 20 -0.444047 36.6569 48 -0.0908834 -0.444047 1 
GPS 23 -0.299396 30.6096 73 -0.374779 -0.299396 1 
GPS 25 -0.481824 22.6153 185 -1.59498 -0.481824 0.59149 
GPS 31 0.729351 17.5553 248 -1.03418 0.729351 0.363915 
GPS 32 1.56286 16.816 65 1.17811 1.56286 0.334774 
GPS  2 0.0838647 30.4685 67 0.607924 0.0838647 1 
GPS  4 0.0429359 69.5634 28 0.128531 0.0385637 1 
GPS 10 0.675496 30.9908 47 -0.04056 0.658975 1 
GPS 12 0.165638 35.1627 109 2.40791 0.124142 1 
GPS 13 -0.276892 19.1184 77 -2.34518 -0.26371 0.429079 
GPS 17 0.0796194 33.7103 42 -0.528876 0.0706947 1 
GPS 20 -0.427555 32.771 48 -0.0525426 -0.435132 1 
GPS 23 -0.219587 33.592 73 -0.301189 -0.255057 1 
GPS 25 -0.206226 24.8331 185 -1.58347 -0.269826 0.705523 
GPS 31 0.773849 19.0189 248 -1.03713 0.753404 0.424792 
GPS  2 0.113675 34.7195 67 0.57706 0.102496 1 
GPS  4 0.0476832 71.7187 28 0.0496219 0.0417636 1 
GPS 10 0.627183 35.6808 47 0.216242 0.64762 1 
GPS 12 0.151405 34.1881 109 2.30483 0.133879 1 
GPS 13 -0.260804 23.1724 77 -2.3673 -0.262293 0.619364 
GPS 17 0.111838 29.066 42 -0.536707 0.0851309 0.944073 
GPS 20 -0.419871 28.7796 48 -0.0307161 -0.429777 0.927144 
GPS 23 -0.272236 36.2082 73 -0.296588 -0.261193 1 
GPS 25 -0.334986 26.6221 185 -1.60937 -0.298156 0.803189 
GPS 31 0.738794 20.0324 248 -1.15824 0.748278 0.469368 
GPS  2 0.089276 38.9989 67 0.607578 0.0974114 1 
GPS  4 0.052986 72.451 28 0.0789593 0.0446785 1 
GPS 10 0.647926 40.39 47 0.217784 0.647701 1 
GPS 12 0.113877 32.6439 109 2.36177 0.128615 1 
GPS 13 -0.248143 27.1461 77 -2.23183 -0.257653 0.832699 
GPS 17 0.140843 24.4596 42 -0.561193 0.0996014 0.685754 
GPS 20 -0.386467 24.7293 48 -0.0719413 -0.418528 0.700007 
GPS 23 -0.224378 38.3717 73 -0.32302 -0.251505 1 
GPS 25 -0.354996 27.9266 185 -1.592 -0.31538 0.87737 
GPS 31 -0.10255 20.5665 249 0.287005 -0.10255 0.493631 
GPS  2 0.117182 43.2876 67 0.586516 0.102903 1 
GPS  4 0.0795196 71.5878 28 0.0490253 0.0518622 1 
GPS 10 0.637499 45.0868 47 0.246891 0.645575 1 
GPS 12 0.187612 30.5926 109 2.43336 0.140906 1 
GPS 13 -0.302774 30.9856 77 -2.264 -0.268794 1 
GPS 17 0.121689 19.9053 42 -0.56295 0.104156 0.463669 
GPS 20 -0.375619 20.6551 48 0.0293565 -0.409681 0.497705 
GPS 23 -0.229728 39.9968 75 -0.0488137 -0.229728 1 
GPS 25 -0.235315 28.7021 185 -1.58585 -0.296761 0.922579 
GPS 31 0.109659 20.6054 249 0.3139 0.00913899 0.495418 
GPS  2 0.130937 47.5567 67 0.6322 0.108998 1 
GPS  4 0.0672638 69.3404 28 0.0397734 0.054495 1 
GPS 10 0.678246 49.7257 47 0.383968 0.651208 1 
GPS 12 0.192577 28.1076 109 2.35329 0.149815 0.887848 
GPS 13 -0.294134 34.623 77 -2.23003 -0.273812 1 
GPS 17 -0.457058 15.4138 44 0.208152 -0.457058 0.282573 
GPS 20 -0.307068 16.5825 48 -0.0119164 -0.39214 0.325803 
GPS 23 -0.286011 41.0091 76 0.38366 -0.286011 1 
GPS 25 -0.152685 28.9206 185 -1.58105 -0.269577 0.935466 
GPS 31 -0.0938194 20.1486 249 0.313887 -0.0263639 0.474602 
GPS  2 0.125179 51.7633 67 0.602203 0.111887 1 
GPS  4 0.114793 66.1184 28 0.0679494 0.0632976 1 
GPS 10 0.641427 54.2408 47 0.203409 0.64977 1 
GPS 12 0.229322 25.2646 109 2.40534 0.161507 0.728629 
GPS 13 -0.282945 37.9758 77 -2.20466 -0.275322 1 
GPS 23 -0.231511 41.3565 76 0.431406 -0.255733 1 
GPS 25 -0.226879 28.5752 185 -1.53756 -0.262799 0.915127 
GPS 30 0.430548 16.3108 299 -0.158468 0.430548 0.315502 
GPS 31 0.0185726 19.2113 249 0.377427 -0.0148417 0.433102 
GPS  2 0.120129 55.8429 67 0.647704 0.113136 1 
GPS  4 0.101986 62.2876 28 0.0973411 0.0682261 1 
GPS 10 0.629461 58.5345 47 0.156636 0.647166 1 
GPS 12 0.199493 22.1364 109 2.37599 0.166377 0.567953 
GPS 13 -0.305366 40.9459 77 -2.23812 -0.279583 1 
GPS 23 -0.206659 41.0191 76 0.456772 -0.238207 1 
GPS 25 -0.259153 27.6804 185 -1.51443 -0.2623 0.863184 
GPS 30 0.401154 18.3459 299 -0.160736 0.412177 0.396278 
GPS 31 -0.00222492 17.8218 249 0.332539 -0.0122669 0.374686 
GPS  2 0.117917 59.6977 67 0.577234 0.113765 1 
GPS  4 0.115179 58.0978 28 0.0387062 0.0735315 1 
GPS 10 0.616212 62.4599 47 0.257467 0.643649 1 
GPS 12 0.2253 18.7893 109 2.41449 0.173073 0.414967 
GPS 13 -0.322328 43.4237 77 -2.14626 -0.284893 1 
GPS 23 -0.226881 40.0129 76 0.435701 -0.235226 1 
GPS 25 -0.210526 26.2707 185 -1.56504 -0.256062 0.783626 
GPS 30 0.386418 19.9654 299 -0.203 0.40227 0.466359 
GPS 31 -0.0396986 16.0194 249 0.375988 -0.0169163 0.304623 
GPS  2 0.13406 63.1804 67 0.613338 0.116125 1 
GPS  4 0.113514 53.705 28 0.079461 0.0775907 1 
GPS  5 -0.471414 19.1832 156 0.0422003 -0.471414 0.431887 
GPS 10 0.615749 65.7991 47 0.213656 0.640802 1 
GPS 12 1.10205 15.2812 111 1.3837 1.10205 0.27785 
GPS 13 -0.310002 45.2957 77 -2.19572 -0.287668 1 
GPS 23 -0.223241 38.3868 76 0.438829 -0.232729 1 
GPS 25 -0.171888 24.3961 185 -1.53047 -0.247011 0.682416 
GPS 29 -0.162372 17.3862 182 1.66567 -0.162372 0.357152 
GPS 30 0.712333 21.1227 299 -0.188559 0.488398 0.519455 
GPS  2 0.145154 66.0759 69 0.0341848 0.145154 1 
GPS  4 0.0809878 49.2064 30 -0.232066 0.0809878 1 
GPS  5 -0.428179 23.5907 156 -0.0144608 -0.444392 0.640639 
GPS 10 0.625536 68.2521 47 0.269075 0.639388 1 
GPS 13 -0.274217 46.4603 77 -2.20337 -0.286329 1 
GPS 23 -0.18515 36.2128 76 0.44052 -0.224526 1 
GPS 25 -0.207363 22.1158 185 -1.555 -0.243162 0.566948 
GPS 29 -0.0745561 21.1324 182 1.55121 -0.0825394 0.51991 
GPS 30 -0.114314 21.7821 301 3.92395 -0.114314 0.550793 
GPS  2 0.150225 68.0999 77 0.255964 0.150225 1 
GPS  4 -0.355308 44.6636 39 -1.40932 -0.355308 1 
GPS  5 0.596067 28.0595 166 -0.46438 0.596067 0.885061 
GPS 10 -0.222794 69.4854 56 0.377849 -0.222794 1 
GPS 13 0.52498 46.846 86 0.344023 0.52498 1 
GPS 23 -0.16493 33.5746 80 -0.177953 -0.16493 1 
GPS 25 0.369612 19.493 189 -0.483947 0.369612 0.445399 
GPS 29 -0.423974 24.7501 186 0.0255133 -0.423974 0.701108 
GPS 30 0.357156 21.9228 305 1.83285 0.357156 0.557581 
GPS  2 0.227238 68.9571 93 -0.621265 0.227238 1 
GPS  4 0.0136015 40.1167 54 0.238895 0.0136015 1 
GPS  5 0.807701 32.5837 180 0.409778 0.807701 1 
GPS 10 -0.276588 69.2845 72 0.103532 -0.276588 1 
GPS 13 -0.337894 46.4287 96 -1.18645 -0.337894 1 
GPS 23 -0.232232 30.5579 91 1.35903 -0.232232 1 
GPS 25 -0.240048 16.5901 196 -0.351201 -0.240048 0.326091 
GPS 29 -0.361096 28.1877 193 3.21122 -0.361096 0.892501 
GPS 30 0.142826 21.5417 312 -0.633027 0.142826 0.53928 
GPS  2 0.172087 68.4781 105 0.0803225 0.172087 1 
GPS  4 0.195279 35.5927 56 -0.330514 0.195279 1 
GPS  5 0.350161 37.1541 192 -0.590095 0.350161 1 
GPS 10 -0.196799 67.7076 80 0.0439297 -0.196799 1 
GPS 13 0.552657 45.2377 105 0.157579 0.552657 1 
GPS 23 -0.119155 27.2427 99 -0.566438 -0.119155 0.838178 
GPS 29 -0.0407501 31.383 197 2.24288 -0.0407501 1 
GPS 30 0.534348 20.6539 312 -0.489893 0.498755 0.497649 
GPS  2 0.176386 66.7299 114 0.344749 0.176386 1 
GPS  4 0.268204 31.1094 61 0.618949 0.268204 1 
GPS  5 0.373376 41.7578 209 1.37445 0.373376 1 
GPS 10 -0.201142 65.0442 98 -0.0200543 -0.201142 1 
GPS 13 0.045182 43.348 125 -1.51169 0.045182 1 
GPS 23 -0.156207 23.6996 107 0.0974895 -0.156207 0.646226 
GPS 29 -0.00725409 34.2631 202 3.97326 -0.00725409 1 
GPS 30 -0.375146 19.2905 317 -1.86235 -0.375146 0.436546 
GPS  2 0.165961 63.9648 119 0.21443 0.165961 1 
GPS  4 0.191024 26.6792 62 -0.325659 0.191024 0.806383 
GPS  5 -0.409748 46.3757 225 -0.180953 -0.409748 1 
GPS 10 -0.0334984 61.6352 118 0.395337 -0.0334984 1 
GPS 13 0.665095 40.8632 142 -0.0817459 0.665095 1 
GPS 23 -0.147787 19.9886 107 0.0328986 -0.148885 0.4674 
GPS 29 0.0201692 36.7463 202 3.92561 0.0165922 1 
GPS 30 -0.340408 17.4956 317 -1.94407 -0.344939 0.361522 
GPS  2 0.294358 60.4752 126 0.304703 0.294358 1 
GPS  4 0.171356 22.31 69 0.0561829 0.171356 0.576438 
GPS  5 -0.291115 50.9801 242 0.982388 -0.291115 1 
GPS  7 0.0423305 16.8024 148 0.174239 0.0423305 0.334252 
GPS 10 0.714852 57.7552 129 0.0756399 0.714852 1 
GPS 13 0.0982614 37.8962 155 -1.14577 0.0982614 1 
GPS 23 0.419692 16.1592 110 0.499882 0.419692 0.309819 
GPS 29 0.0596444 38.7468 214 -0.0818385 0.0596444 1 
GPS 30 -0.480436 15.3214 320 -0.912787 -0.480436 0.279278 
GPS  2 0.0811827 56.5027 145 0.719825 0.0811827 1 
GPS  4 0.266089 18.0072 76 -0.712666 0.266089 0.382262 
GPS  5 -0.420558 55.5297 258 0.166805 -0.420558 1 
GPS  7 -0.00861036 20.2852 156 1.86686 -0.00861036 0.480783 
GPS 10 -0.16596 53.594 143 0.268842 -0.16596 1 
GPS 13 0.361418 34.5554 169 -1.50249 0.361418 1 
GPS 29 -0.199131 40.1826 227 2.29789 -0.199131 1 
GPS  2 -0.661626 52.2206 159 -0.186727 -0.661626 1 
GPS  5 -0.459178 59.9604 266 -0.433763 -0.459178 1 
GPS  7 -0.0664026 23.5944 162 -0.277402 -0.0664026 0.640832 
GPS 10 -0.206605 49.2758 150 -0.358853 -0.206605 1 
GPS 13 0.574415 30.9359 185 -0.647674 0.574415 1 
GPS 29 0.479453 40.9861 238 1.2764 0.479453 1 
GPS  2 -0.606604 47.7475 159 0.224129 -0.611606 1 
GPS  5 0.409777 64.17 277 0.313499 0.409777 1 
GPS  7 -0.110244 26.67 165 -0.329004 -0.110244 0.805867 
GPS 10 0.659956 44.881 154 0.168061 0.659956 1 
GPS 13 -0.312536 27.1174 191 0.00415698 -0.312536 0.83107 
GPS 29 0.223426 41.1155 241 -0.176523 0.223426 1 
GPS  2 -0.590262 43.1643 163 -0.395809 -0.590262 1 
GPS  5 -0.452252 67.9898 282 -0.375808 -0.452252 1 
GPS  7 0.00308079 29.4432 168 0.122613 0.00308079 0.966526 
GPS  8 0.330056 15.7858 79 2.60775 0.330056 0.296028 
GPS 10 0.728285 40.4625 165 0.0507874 0.728285 1 
GPS 13 0.641244 23.1639 193 0.327296 0.641244 0.618936 
GPS 16 -0.0960902 16.7022 88 -0.819133 -0.0960902 0.330389 
GPS 26 0.113137 17.7224 117 1.29194 0.113137 0.370651 
GPS 29 -0.00199004 40.5629 241 -0.0895246 0.00874408 1 
Processing finished for station: 'KELY'.
Sun Oct 23 11:35:26 CST 2016
